2836875353
2836869553
2836864662
2836864114
2836862135
2836861511
2836860988
2836860684
2836860437
2836860351
2836860046
2836859629
2836859424
2836858906
2836858704
2836858647
2836858440
2836857649
2836857133
2836857094
2836856953
2836856602
2836856476
2836856257
2836856163
2836856073
2836855715
2836855524
2836855202
2836855174
2836855156
2836855152
2836855006
2836854948
2836854903
2836854756
2836854676
2836854656
2836854519
2836854262
2836854233
2836853913
2836853908
2836853648
2836853442
2836853438
2836853185
2836852869
2836852695
2836852434
2836851306
2836851084
2836850871
2836850868
2836850468
2836850313
2836850237
2836849862
2836849858
2836849788
2836849703
2836849609
2836849486
2836849476
2836849178
2836849148
2836849145
2836849028
2836848861
2836848782
2836848608
2836848485
2836848420
2836848227
2836847975
2836847928
2836847804
2836847718
2836847666
2836847640
2836847616
2836847566
2836847464
2836847424
2836847414
2836847322
2836847307
2836847237
2836847195
2836847144
2836847138
2836847094
2836847010
2836846923
2836846698
2836846282
2836846210
2836846165
2836846155
2836846137
